% based on ex-vivo

% column: after mutation
%         column  1: length 5
%         column 30: length 34
%
% row:    before mutation
%         row  1: length 5
%         row 30: length 34

% 30-by-30
% e.g. probability of mutation causing the repeat ACx5 to become ACx6
%      ms_mutation_transition_prob(1, 2) --> 0.0289 (2.89%)
ms_mutation_transition_prob = [
    0.960623268	0.028903028	0.007687833	0.002044865	0.000543908	0.000144672	3.85E-05	1.02E-05	2.72E-06	7.24E-07	1.93E-07	5.12E-08	1.36E-08	3.62E-09	9.64E-10	2.56E-10	6.82E-11	1.81E-11	4.83E-12	1.28E-12	3.41E-13	9.08E-14	2.42E-14	6.43E-15	1.71E-15	4.55E-16	1.21E-16	3.22E-17	8.55E-18	2.28E-18
    0.009205621	0.948006338	0.031406973	0.00835385	0.002222017	0.000591028	0.000157206	4.18E-05	1.11E-05	2.96E-06	7.87E-07	2.09E-07	5.57E-08	1.48E-08	3.94E-09	1.05E-09	2.79E-10	7.41E-11	1.97E-11	5.24E-12	1.39E-12	3.71E-13	9.87E-14	2.62E-14	6.98E-15	1.86E-15	4.94E-16	1.31E-16	3.49E-17	9.30E-18
    0.002593276	0.010726144	0.940185699	0.034127841	0.009077566	0.002414516	0.00064223	0.000170825	4.54E-05	1.21E-05	3.21E-06	8.55E-07	2.27E-07	6.05E-08	1.61E-08	4.28E-09	1.14E-09	3.03E-10	8.05E-11	2.14E-11	5.70E-12	1.52E-12	4.03E-13	1.07E-13	2.85E-14	7.59E-15	2.02E-15	5.37E-16	1.43E-16	3.80E-17
    0.000730541	0.003021616	0.012497816	0.933227173	0.037084425	0.00986398	0.002623692	0.000697868	0.000185624	4.94E-05	1.31E-05	3.49E-06	9.29E-07	2.47E-07	6.57E-08	1.75E-08	4.65E-09	1.24E-09	3.29E-10	8.75E-11	2.33E-11	6.19E-12	1.65E-12	4.38E-13	1.17E-13	3.10E-14	8.24E-15	2.19E-15	5.83E-16	1.55E-16
    0.000205798	0.000851207	0.003520707	0.014562122	0.925960387	0.040297146	0.010718522	0.002850989	0.000758326	0.000201705	5.37E-05	1.43E-05	3.80E-06	1.01E-06	2.69E-07	7.14E-08	1.90E-08	5.05E-09	1.34E-09	3.58E-10	9.51E-11	2.53E-11	6.73E-12	1.79E-12	4.76E-13	1.27E-13	3.37E-14	8.96E-15	2.38E-15	6.34E-16
    5.80E-05	0.00023979	0.000991803	0.004102233	0.016967396	0.917984912	0.043788193	0.011647095	0.003097977	0.000824022	0.000219179	5.83E-05	1.55E-05	4.12E-06	1.10E-06	2.92E-07	7.76E-08	2.06E-08	5.49E-09	1.46E-09	3.89E-10	1.03E-10	2.75E-11	7.31E-12	1.94E-12	5.17E-13	1.38E-13	3.66E-14	9.73E-15	2.59E-15
    1.63E-05	6.76E-05	0.000279397	0.001155623	0.004779813	0.019769956	0.909107292	0.047581678	0.012656114	0.003366363	0.000895409	0.000238167	6.33E-05	1.69E-05	4.48E-06	1.19E-06	3.17E-07	8.43E-08	2.24E-08	5.97E-09	1.59E-09	4.22E-10	1.12E-10	2.99E-11	7.94E-12	2.11E-12	5.62E-13	1.50E-13	3.98E-14	1.06E-14
    4.60E-06	1.90E-05	7.87E-05	0.000325546	0.001346501	0.00556931	0.023035425	0.899180967	0.051703804	0.013752546	0.003658	0.000972981	0.0002588	6.88E-05	1.83E-05	4.87E-06	1.30E-06	3.45E-07	9.16E-08	2.44E-08	6.48E-09	1.72E-09	4.59E-10	1.22E-10	3.25E-11	8.63E-12	2.30E-12	6.11E-13	1.62E-13	4.32E-14
    1.30E-06	5.36E-06	2.22E-05	9.17E-05	0.000379317	0.001568907	0.006489212	0.026840262	0.888059458	0.056183039	0.014943965	0.003974902	0.001057273	0.000281221	7.48E-05	1.99E-05	5.29E-06	1.41E-06	3.74E-07	9.96E-08	2.65E-08	7.05E-09	1.87E-09	4.98E-10	1.33E-10	3.53E-11	9.38E-12	2.50E-12	6.64E-13	1.77E-13
    3.65E-07	1.51E-06	6.25E-06	2.58E-05	0.000106856	0.00044197	0.001828048	0.007561056	0.031273557	0.875581189	0.061050323	0.0162386	0.004319258	0.001148867	0.000305584	8.13E-05	2.16E-05	5.75E-06	1.53E-06	4.07E-07	1.08E-07	2.88E-08	7.66E-09	2.04E-09	5.42E-10	1.44E-10	3.83E-11	1.02E-11	2.71E-12	7.21E-13
    1.03E-07	4.25E-07	1.76E-06	7.28E-06	3.01E-05	0.000124506	0.000514972	0.002129993	0.008809941	0.036439114	0.861562914	0.066339272	0.017645392	0.004693447	0.001248396	0.000332057	8.83E-05	2.35E-05	6.25E-06	1.66E-06	4.42E-07	1.18E-07	3.13E-08	8.32E-09	2.21E-09	5.89E-10	1.57E-10	4.16E-11	1.11E-11	2.95E-12
    2.90E-08	1.20E-07	4.96E-07	2.05E-06	8.48E-06	3.51E-05	0.00014507	0.000600031	0.002481811	0.010265108	0.042457882	0.845795195	0.072086416	0.019174058	0.005100053	0.001356548	0.000360824	9.60E-05	2.55E-05	6.79E-06	1.81E-06	4.80E-07	1.28E-07	3.40E-08	9.04E-09	2.40E-09	6.40E-10	1.70E-10	4.53E-11	1.20E-11
    8.16E-09	3.38E-08	1.40E-07	5.78E-07	2.39E-06	9.88E-06	4.09E-05	0.000169032	0.00069914	0.00289174	0.01196063	0.049470791	0.828038046	0.078331451	0.020835157	0.005541883	0.00147407	0.000392084	0.000104289	2.77E-05	7.38E-06	1.96E-06	5.22E-07	1.39E-07	3.69E-08	9.82E-09	2.61E-09	6.95E-10	1.85E-10	4.92E-11
    2.30E-09	9.51E-09	3.93E-08	1.63E-07	6.73E-07	2.78E-06	1.15E-05	4.76E-05	0.000196952	0.00081462	0.003369378	0.013936206	0.057642045	0.808016125	0.085117509	0.022640161	0.006021991	0.001601772	0.000426051	0.000113324	3.01E-05	8.02E-06	2.13E-06	5.67E-07	1.51E-07	4.01E-08	1.07E-08	2.84E-09	7.55E-10	2.01E-10
    6.48E-10	2.68E-09	1.11E-08	4.58E-08	1.90E-07	7.84E-07	3.24E-06	1.34E-05	5.55E-05	0.000229483	0.000949173	0.003925909	0.016238095	0.067162971	0.78541324	0.092491461	0.024601538	0.006543692	0.001740538	0.000462961	0.000123142	3.28E-05	8.71E-06	2.32E-06	6.16E-07	1.64E-07	4.36E-08	1.16E-08	3.09E-09	8.21E-10
    1.82E-10	7.55E-10	3.12E-09	1.29E-08	5.34E-08	2.21E-07	9.14E-07	3.78E-06	1.56E-05	6.46E-05	0.000267388	0.001105951	0.004574365	0.018920195	0.078256501	0.759865989	0.100504238	0.026732833	0.007110589	0.001891325	0.000503068	0.00013381	3.56E-05	9.47E-06	2.52E-06	6.70E-07	1.78E-07	4.74E-08	1.26E-08	3.35E-09
    5.14E-11	2.13E-10	8.79E-10	3.64E-09	1.50E-08	6.22E-08	2.57E-07	1.06E-06	4.40E-06	1.82E-05	7.53E-05	0.000311553	0.001288625	0.005329928	0.022045306	0.091182386	0.730956398	0.109211183	0.029048768	0.007726598	0.002055176	0.00054665	0.000145402	3.87E-05	1.03E-05	2.74E-06	7.28E-07	1.94E-07	5.15E-08	1.37E-08
    1.45E-11	5.99E-11	2.48E-10	1.02E-09	4.24E-09	1.75E-08	7.25E-08	3.00E-07	1.24E-06	5.13E-06	2.12E-05	8.78E-05	0.000363013	0.001501471	0.00621029	0.025686602	0.106243281	0.698203384	0.118672433	0.031565339	0.008395974	0.002233221	0.000594008	0.000157998	4.20E-05	1.12E-05	2.97E-06	7.91E-07	2.10E-07	5.60E-08
    4.08E-12	1.69E-11	6.98E-11	2.89E-10	1.19E-09	4.94E-09	2.04E-08	8.45E-08	3.49E-07	1.45E-06	5.98E-06	2.47E-05	0.000102263	0.000422973	0.001749474	0.007236064	0.029929343	0.123791834	0.661052862	0.128953336	0.034299927	0.009123339	0.002426691	0.000645468	0.000171686	4.57E-05	1.21E-05	3.23E-06	8.59E-07	2.29E-07
    1.15E-12	4.75E-12	1.97E-11	8.13E-11	3.36E-10	1.39E-09	5.75E-09	2.38E-08	9.84E-08	4.07E-07	1.68E-06	6.96E-06	2.88E-05	0.000119154	0.000492837	0.002038441	0.008431268	0.034872872	0.14423894	0.618866324	0.1401249	0.037271419	0.009913717	0.002636921	0.000701387	0.00018656	4.96E-05	1.32E-05	3.51E-06	9.34E-07
    3.24E-13	1.34E-12	5.54E-12	2.29E-11	9.47E-11	3.92E-10	1.62E-09	6.70E-09	2.77E-08	1.15E-07	4.74E-07	1.96E-06	8.12E-06	3.36E-05	0.000138835	0.00057424	0.002375137	0.009823888	0.040632939	0.168063362	0.570907819	0.152264286	0.040500339	0.010772569	0.002865365	0.00076215	0.000202722	5.39E-05	1.43E-05	3.81E-06
    9.12E-14	3.77E-13	1.56E-12	6.45E-12	2.67E-11	1.10E-10	4.57E-10	1.89E-09	7.81E-09	3.23E-08	1.34E-07	5.53E-07	2.29E-06	9.46E-06	3.91E-05	0.000161767	0.00066909	0.002767446	0.011446533	0.047344416	0.195822942	0.516329835	0.165455339	0.04400899	0.011705824	0.003113599	0.000828177	0.000220284	5.86E-05	1.56E-05
    2.57E-14	1.06E-13	4.39E-13	1.82E-12	7.52E-12	3.11E-11	1.29E-10	5.32E-10	2.20E-09	9.10E-09	3.76E-08	1.56E-07	6.44E-07	2.66E-06	1.10E-05	4.56E-05	0.000188486	0.000779605	0.003224554	0.013337194	0.055164449	0.228167663	0.454160945	0.179789168	0.047821603	0.012719931	0.003383338	0.000899924	0.000239368	6.37E-05
    7.24E-15	2.99E-14	1.24E-13	5.12E-13	2.12E-12	8.76E-12	3.62E-11	1.50E-10	6.20E-10	2.56E-09	1.06E-08	4.39E-08	1.81E-07	7.50E-07	3.10E-06	1.28E-05	5.31E-05	0.000219619	0.000908375	0.003757164	0.015540142	0.064276143	0.265854869	0.383308042	0.195364773	0.051964514	0.013821891	0.003676445	0.000977887	0.000260105
