(
(
(
Run1_C_10:0.77309,
Run1_C_11:0.77309)
Run1_C_6:0.86432,
(
(
(
Run1_C_16:0.26448,
(
Run1_C_18:0.011378,
Run1_C_19:0.011378)
Run1_C_17:0.26448)
Run1_C_14:0.96559,
Run1_C_15:0.96559)
Run1_C_8:0.20318,
(
Run1_C_12:0.85281,
Run1_C_13:0.85281)
Run1_C_9:0.20318)
Run1_C_7:0.86432)
Run1_C_2:0.44172,
(
(
Run1_C_20:1.6574,
Run1_C_21:1.6574)
Run1_C_4:0.75308,
Run1_C_5:0.75308)
Run1_C_3:0.44172)
Run1_C_1;