(
(
(
Run1_C_78:3.2699,
Run1_C_79:3.2699)
Run1_C_6:0.86432,
(
(
(
(
Run1_C_64:1.4863,
(
Run1_C_82:0.20452,
Run1_C_83:0.20452)
Run1_C_65:1.4863)
Run1_C_22:0.53394,
Run1_C_23:0.53394)
Run1_C_18:0.29013,
(
(
(
(
(
Run1_C_66:0.76264,
Run1_C_67:0.76264)
Run1_C_34:0.44237,
(
Run1_C_98:1.0804,
Run1_C_99:1.0804)
Run1_C_35:0.44237)
Run1_C_28:0.23605,
(
(
Run1_C_96:1.319,
Run1_C_97:1.319)
Run1_C_30:0.17325,
Run1_C_31:0.17325)
Run1_C_29:0.23605)
Run1_C_24:0.23669,
(
Run1_C_68:1.4646,
Run1_C_69:1.4646)
Run1_C_25:0.23669)
Run1_C_20:0.39124,
(
Run1_C_104:2.0347,
Run1_C_105:2.0347)
Run1_C_21:0.39124)
Run1_C_19:0.29013)
Run1_C_14:0.82114,
(
(
Run1_C_100:0.69354,
Run1_C_101:0.69354)
Run1_C_52:1.9892,
Run1_C_53:1.9892)
Run1_C_15:0.82114)
Run1_C_7:0.86432)
Run1_C_2:0.44172,
(
(
(
Run1_C_74:0.50313,
(
(
(
Run1_C_106:0.081428,
Run1_C_107:0.081428)
Run1_C_102:0.17623,
Run1_C_103:0.17623)
Run1_C_84:0.10941,
Run1_C_85:0.10941)
Run1_C_75:0.50313)
Run1_C_46:2.8376,
Run1_C_47:2.8376)
Run1_C_4:0.75308,
(
(
(
Run1_C_12:0.23818,
Run1_C_13:0.23818)
Run1_C_10:0.087664,
(
(
(
Run1_C_90:0.54178,
(
Run1_C_94:0.034385,
Run1_C_95:0.034385)
Run1_C_91:0.54178)
Run1_C_56:0.073786,
Run1_C_57:0.073786)
Run1_C_48:2.3644,
Run1_C_49:2.3644)
Run1_C_11:0.087664)
Run1_C_8:0.42611,
(
(
(
(
(
Run1_C_80:0.45895,
Run1_C_81:0.45895)
Run1_C_54:0.1738,
Run1_C_55:0.1738)
Run1_C_40:0.2498,
(
Run1_C_72:0.56569,
(
Run1_C_86:0.15117,
Run1_C_87:0.15117)
Run1_C_73:0.56569)
Run1_C_41:0.2498)
Run1_C_32:1.5462,
(
(
(
Run1_C_92:0.63007,
(
Run1_C_108:0.22151,
Run1_C_109:0.22151)
Run1_C_93:0.63007)
Run1_C_50:0.11311,
Run1_C_51:0.11311)
Run1_C_42:0.26371,
(
Run1_C_44:0.062775,
(
Run1_C_62:0.35408,
(
Run1_C_88:0.30425,
Run1_C_89:0.30425)
Run1_C_63:0.35408)
Run1_C_45:0.062775)
Run1_C_43:0.26371)
Run1_C_33:1.5462)
Run1_C_16:0.53291,
(
(
Run1_C_60:1.1671,
Run1_C_61:1.1671)
Run1_C_26:1.0136,
(
(
(
(
Run1_C_70:0.22015,
(
Run1_C_76:0.052698,
Run1_C_77:0.052698)
Run1_C_71:0.22015)
Run1_C_58:0.40557,
Run1_C_59:0.40557)
Run1_C_38:0.08647,
Run1_C_39:0.08647)
Run1_C_36:0.635,
Run1_C_37:0.635)
Run1_C_27:1.0136)
Run1_C_17:0.53291)
Run1_C_9:0.42611)
Run1_C_5:0.75308)
Run1_C_3:0.44172)
Run1_C_1;