(
(
(
Run1_P_78:3.2699,
Run1_P_79:3.2699)
Run1_P_6:0.86432,
(
(
(
(
Run1_P_64:1.4863,
(
Run1_P_82:0.20452,
Run1_P_83:0.20452)
Run1_P_65:1.4863)
Run1_P_22:0.53394,
Run1_P_23:0.53394)
Run1_P_18:0.29013,
(
(
(
(
(
Run1_P_66:0.76264,
Run1_P_67:0.76264)
Run1_P_34:0.44237,
(
Run1_P_98:1.0804,
Run1_P_99:1.0804)
Run1_P_35:0.44237)
Run1_P_28:0.23605,
(
(
Run1_P_96:1.319,
Run1_P_97:1.319)
Run1_P_30:0.17325,
Run1_P_31:0.17325)
Run1_P_29:0.23605)
Run1_P_24:0.23669,
(
Run1_P_68:1.4646,
Run1_P_69:1.4646)
Run1_P_25:0.23669)
Run1_P_20:0.39124,
(
Run1_P_104:2.0347,
Run1_P_105:2.0347)
Run1_P_21:0.39124)
Run1_P_19:0.29013)
Run1_P_14:0.82114,
(
(
Run1_P_100:0.69354,
Run1_P_101:0.69354)
Run1_P_52:1.9892,
Run1_P_53:1.9892)
Run1_P_15:0.82114)
Run1_P_7:0.86432)
Run1_P_2:0.44172,
(
(
(
Run1_P_74:0.50313,
(
(
(
Run1_P_106:0.081428,
Run1_P_107:0.081428)
Run1_P_102:0.17623,
Run1_P_103:0.17623)
Run1_P_84:0.10941,
Run1_P_85:0.10941)
Run1_P_75:0.50313)
Run1_P_46:2.8376,
Run1_P_47:2.8376)
Run1_P_4:0.75308,
(
(
(
Run1_P_12:0.23818,
Run1_P_13:0.23818)
Run1_P_10:0.087664,
(
(
(
Run1_P_90:0.54178,
(
Run1_P_94:0.034385,
Run1_P_95:0.034385)
Run1_P_91:0.54178)
Run1_P_56:0.073786,
Run1_P_57:0.073786)
Run1_P_48:2.3644,
Run1_P_49:2.3644)
Run1_P_11:0.087664)
Run1_P_8:0.42611,
(
(
(
(
(
Run1_P_80:0.45895,
Run1_P_81:0.45895)
Run1_P_54:0.1738,
Run1_P_55:0.1738)
Run1_P_40:0.2498,
(
Run1_P_72:0.56569,
(
Run1_P_86:0.15117,
Run1_P_87:0.15117)
Run1_P_73:0.56569)
Run1_P_41:0.2498)
Run1_P_32:1.5462,
(
(
(
Run1_P_92:0.63007,
(
Run1_P_108:0.22151,
Run1_P_109:0.22151)
Run1_P_93:0.63007)
Run1_P_50:0.11311,
Run1_P_51:0.11311)
Run1_P_42:0.26371,
(
Run1_P_44:0.062775,
(
Run1_P_62:0.35408,
(
Run1_P_88:0.30425,
Run1_P_89:0.30425)
Run1_P_63:0.35408)
Run1_P_45:0.062775)
Run1_P_43:0.26371)
Run1_P_33:1.5462)
Run1_P_16:0.53291,
(
(
Run1_P_60:1.1671,
Run1_P_61:1.1671)
Run1_P_26:1.0136,
(
(
(
(
Run1_P_70:0.22015,
(
Run1_P_76:0.052698,
Run1_P_77:0.052698)
Run1_P_71:0.22015)
Run1_P_58:0.40557,
Run1_P_59:0.40557)
Run1_P_38:0.08647,
Run1_P_39:0.08647)
Run1_P_36:0.635,
Run1_P_37:0.635)
Run1_P_27:1.0136)
Run1_P_17:0.53291)
Run1_P_9:0.42611)
Run1_P_5:0.75308)
Run1_P_3:0.44172)
Run1_P_1;