(
(
(
(
(
Run1_C_34:0.17133,
(
Run1_C_36:0.080695,
(
Run1_C_42:0.060248,
Run1_C_43:0.060248)
Run1_C_37:0.080695)
Run1_C_35:0.17133)
Run1_C_30:0.75622,
Run1_C_31:0.75622)
Run1_C_10:0.074923,
(
(
Run1_C_18:0.15784,
(
Run1_C_28:0.44503,
Run1_C_29:0.44503)
Run1_C_19:0.15784)
Run1_C_12:0.11821,
(
Run1_C_16:0.15384,
Run1_C_17:0.15384)
Run1_C_13:0.11821)
Run1_C_11:0.074923)
Run1_C_8:0.29667,
(
Run1_C_14:0.25744,
(
Run1_C_38:0.8542,
Run1_C_39:0.8542)
Run1_C_15:0.25744)
Run1_C_9:0.29667)
Run1_C_2:1.3133,
(
(
Run1_C_22:0.92725,
(
Run1_C_24:0.052935,
Run1_C_25:0.052935)
Run1_C_23:0.92725)
Run1_C_4:0.018509,
(
(
Run1_C_20:0.62584,
(
Run1_C_26:0.20152,
Run1_C_27:0.20152)
Run1_C_21:0.62584)
Run1_C_6:0.15977,
(
(
Run1_C_40:0.25851,
Run1_C_41:0.25851)
Run1_C_32:0.98305,
Run1_C_33:0.98305)
Run1_C_7:0.15977)
Run1_C_5:0.018509)
Run1_C_3:1.3133)
Run1_C_1;